,G1,G2M,S
ABRAXAS1_1,0.08225108225108226,0.3722943722943723,0.5454545454545454
ABRAXAS1_2,0.05238095238095238,0.3761904761904762,0.5714285714285714
ABRAXAS1_3,0.1111111111111111,0.3333333333333333,0.5555555555555556
APTX_1_1,0.1111111111111111,0.43434343434343436,0.45454545454545453
APTX_1_2,0.1262135922330097,0.3786407766990291,0.49514563106796117
APTX_1_3,0.07633587786259542,0.4580152671755725,0.46564885496183206
ASCC3_1,0.1187214611872146,0.3607305936073059,0.5205479452054794
ASCC3_2,0.10810810810810811,0.3108108108108108,0.581081081081081
ASCC3_3,0.1391304347826087,0.34782608695652173,0.5130434782608696
ATM_1,0.10497237569060773,0.39226519337016574,0.5027624309392266
ATM_2,0.1457286432160804,0.33668341708542715,0.5175879396984925
ATM_3,0.11981566820276497,0.3824884792626728,0.4976958525345622
ATRIP_1,0.096,0.44,0.464
ATRIP_2,0.08379888268156424,0.37988826815642457,0.5363128491620112
ATRIP_3,0.14705882352941177,0.39705882352941174,0.45588235294117646
ATR_1,0.20218579234972678,0.4262295081967213,0.37158469945355194
ATR_2,0.2033195020746888,0.44813278008298757,0.34854771784232363
ATR_3,0.1994219653179191,0.430635838150289,0.3699421965317919
BARD1_1,0.1144578313253012,0.3313253012048193,0.5542168674698795
BARD1_2,0.11065573770491803,0.4180327868852459,0.4713114754098361
BLM_1,0.08641975308641975,0.4444444444444444,0.4691358024691358
BLM_2,0.13333333333333333,0.45,0.4166666666666667
BLM_3,0.07575757575757576,0.4166666666666667,0.5075757575757576
BRCA1_1,0.1574074074074074,0.37962962962962965,0.46296296296296297
BRCA1_2,0.14049586776859505,0.34710743801652894,0.512396694214876
BRCA1_3,0.18556701030927836,0.27835051546391754,0.5360824742268041
BRCA2_1,0.03636363636363636,0.37272727272727274,0.5909090909090909
BRCA2_2,0.116751269035533,0.36548223350253806,0.5177664974619289
BRCA2_3,0.125,0.39705882352941174,0.47794117647058826
BRD9_1,0.06542056074766354,0.411214953271028,0.5233644859813084
BRD9_2,0.06818181818181818,0.3977272727272727,0.5340909090909091
BRD9_3,0.05172413793103448,0.47126436781609193,0.47701149425287354
BRIP1_1,0.16806722689075632,0.3445378151260504,0.48739495798319327
BRIP1_2,0.12844036697247707,0.3577981651376147,0.5137614678899083
BRIP1_3,0.1278538812785388,0.3698630136986301,0.502283105022831
CHAF1A_1,0.20930232558139536,0.5116279069767442,0.27906976744186046
CHAF1A_2,0.24545454545454545,0.32727272727272727,0.42727272727272725
CHAF1A_3,0.17647058823529413,0.39705882352941174,0.4264705882352941
CHAF1B_1,0.2727272727272727,0.36363636363636365,0.36363636363636365
CHAF1B_2,0.26582278481012656,0.34177215189873417,0.3924050632911392
CHAF1B_3,0.297029702970297,0.40594059405940597,0.297029702970297
DCLRE1C_1,0.08839779005524862,0.40331491712707185,0.5082872928176796
DCLRE1C_2,0.09333333333333334,0.4066666666666667,0.5
DCLRE1C_3,0.09502262443438914,0.334841628959276,0.5701357466063348
DHX15_2,0.2537313432835821,0.34328358208955223,0.40298507462686567
DHX15_3,0.31,0.32,0.37
DHX36_1,0.15,0.3,0.55
DHX36_2,0.11851851851851852,0.3925925925925926,0.4888888888888889
DHX36_3,0.152317880794702,0.4370860927152318,0.4105960264900662
DMAP1_1,0.18518518518518517,0.3333333333333333,0.48148148148148145
DMAP1_2,0.2830188679245283,0.3490566037735849,0.36792452830188677
DMAP1_3,0.3037974683544304,0.379746835443038,0.31645569620253167
DNA2_1,0.1948529411764706,0.3860294117647059,0.41911764705882354
DNA2_2,0.2111801242236025,0.39544513457556935,0.39337474120082816
DNA2_3,0.2029520295202952,0.4354243542435424,0.36162361623616235
DNA2_9,0.1289855072463768,0.39710144927536234,0.47391304347826085
DTL_1,0.17582417582417584,0.32967032967032966,0.4945054945054945
DTL_3,0.29914529914529914,0.26495726495726496,0.4358974358974359
DUT_1,0.18493150684931506,0.2534246575342466,0.5616438356164384
DUT_2,0.1652542372881356,0.2584745762711864,0.576271186440678
DUT_3,0.14556962025316456,0.2911392405063291,0.5632911392405063
ENDOV_1,0.08860759493670886,0.3924050632911392,0.5189873417721519
ENDOV_2,0.1005586592178771,0.441340782122905,0.4581005586592179
ENDOV_3,0.10869565217391304,0.3423913043478261,0.5489130434782609
EP400_1,0.09090909090909091,0.36363636363636365,0.5454545454545454
EP400_2,0.3157894736842105,0.24210526315789474,0.4421052631578947
EWSR1_1,0.096045197740113,0.4180790960451977,0.4858757062146893
EWSR1_2,0.1592920353982301,0.3805309734513274,0.46017699115044247
EWSR1_3,0.1258741258741259,0.35664335664335667,0.5174825174825175
EXD2_1,0.05649717514124294,0.3898305084745763,0.5536723163841808
EXD2_3,0.07655502392344497,0.4258373205741627,0.49760765550239233
EXD2_6,0.08994708994708994,0.3492063492063492,0.5608465608465608
EXO1_1,0.10236220472440945,0.4094488188976378,0.4881889763779528
EXO1_2,0.12280701754385964,0.3333333333333333,0.543859649122807
EXO1_3,0.1134020618556701,0.35051546391752575,0.5360824742268041
FAAP24_1,0.11290322580645161,0.43548387096774194,0.45161290322580644
FAAP24_2,0.0847457627118644,0.3813559322033898,0.5338983050847458
FANCA_1,0.17415730337078653,0.34269662921348315,0.48314606741573035
FANCA_2,0.07692307692307693,0.3162393162393162,0.6068376068376068
FANCB_2,0.03389830508474576,0.4067796610169492,0.559322033898305
FANCB_3,0.15841584158415842,0.37623762376237624,0.46534653465346537
FANCC_1,0.04929577464788732,0.38028169014084506,0.5704225352112676
FANCC_2,0.1,0.375,0.525
FANCD2_1,0.1103448275862069,0.31724137931034485,0.5724137931034483
FANCD2_2,0.11330049261083744,0.3842364532019704,0.5024630541871922
FANCD2_3,0.0990990990990991,0.4864864864864865,0.4144144144144144
FANCE_1,0.08379888268156424,0.39664804469273746,0.5195530726256983
FANCE_2,0.1368421052631579,0.30526315789473685,0.5578947368421052
FANCE_3,0.09550561797752809,0.4044943820224719,0.5
FANCF_1,0.11917098445595854,0.35233160621761656,0.5284974093264249
FANCF_2,0.08974358974358974,0.3076923076923077,0.6025641025641025
FANCF_3,0.1504424778761062,0.35398230088495575,0.49557522123893805
FANCG_2,0.06306306306306306,0.42342342342342343,0.5135135135135135
FANCG_3,0.06976744186046512,0.45348837209302323,0.47674418604651164
FANCI_2,0.1188118811881188,0.32673267326732675,0.5544554455445545
FANCI_3,0.15267175572519084,0.3282442748091603,0.5190839694656488
FANCL_2,0.030612244897959183,0.5102040816326531,0.45918367346938777
FANCL_3,0.08860759493670886,0.3924050632911392,0.5189873417721519
FANCM_1,0.09146341463414634,0.38414634146341464,0.524390243902439
FANCM_2,0.15546218487394958,0.42436974789915966,0.42016806722689076
FIP1L1_1,0.1111111111111111,0.46405228758169936,0.42483660130718953
FIP1L1_2,0.075,0.45,0.475
H2AFX_1,0.07111111111111111,0.4088888888888889,0.52
H2AFX_2,0.0979381443298969,0.31958762886597936,0.5824742268041238
H2AFX_3,0.11851851851851852,0.37037037037037035,0.5111111111111111
HELB_1,0.13385826771653545,0.3779527559055118,0.4881889763779528
HELB_2,0.09375,0.40625,0.5
HELB_3,0.06547619047619048,0.42857142857142855,0.5059523809523809
HELQ_1,0.08287292817679558,0.4198895027624309,0.4972375690607735
HELQ_2,0.1780821917808219,0.3287671232876712,0.4931506849315068
HELQ_3,0.10434782608695652,0.34782608695652173,0.5478260869565217
HLTF_1,0.09316770186335403,0.40372670807453415,0.5031055900621118
HLTF_2,0.12138728323699421,0.32947976878612717,0.5491329479768786
HLTF_3,0.09937888198757763,0.37888198757763975,0.5217391304347826
HNRNPA1_1,0.13008130081300814,0.3943089430894309,0.47560975609756095
HNRNPA1_2,0.0759493670886076,0.37341772151898733,0.5506329113924051
HNRNPA1_3,0.12376237623762376,0.33663366336633666,0.5396039603960396
HUS1_1,0.23333333333333334,0.36666666666666664,0.4
HUS1_2,0.13793103448275862,0.4482758620689655,0.41379310344827586
HUS1_3,0.13541666666666666,0.3645833333333333,0.5
HUWE1_1,0.10606060606060606,0.3712121212121212,0.5227272727272727
HUWE1_2,0.09714285714285714,0.38857142857142857,0.5142857142857142
HUWE1_3,0.13157894736842105,0.40789473684210525,0.4605263157894737
KAT7_1,0.13013698630136986,0.3493150684931507,0.5205479452054794
KAT7_2,0.11904761904761904,0.3412698412698413,0.5396825396825397
KAT7_3,0.14685314685314685,0.4195804195804196,0.43356643356643354
KAT8_1_1,0.15770609318996415,0.45878136200716846,0.3835125448028674
KAT8_1_3,0.10880829015544041,0.44559585492227977,0.44559585492227977
KAT8_1_6,0.09037900874635568,0.37900874635568516,0.5306122448979592
LIG4_2_1,0.1076923076923077,0.4076923076923077,0.4846153846153846
LIG4_2_2,0.10483870967741936,0.3548387096774194,0.5403225806451613
LIG4_2_3,0.09433962264150944,0.4339622641509434,0.4716981132075472
MCM2_1,0.27137546468401486,0.4795539033457249,0.24907063197026022
MCM2_2,0.3563218390804598,0.45977011494252873,0.1839080459770115
MCM2_3,0.3660377358490566,0.49433962264150944,0.13962264150943396
MCM6_1,0.30275229357798167,0.41284403669724773,0.28440366972477066
MCM6_2,0.3225806451612903,0.41935483870967744,0.25806451612903225
MCM6_3,0.25210084033613445,0.453781512605042,0.29411764705882354
MCM10_1,0.2,0.36666666666666664,0.43333333333333335
MCM10_2,0.2692307692307692,0.36813186813186816,0.3626373626373626
MCM10_3,0.33689839572192515,0.37967914438502676,0.28342245989304815
MCM10_6,0.18831168831168832,0.38961038961038963,0.42207792207792205
MCM10_7,0.16071428571428573,0.48214285714285715,0.35714285714285715
MCM10_9,0.2777777777777778,0.35185185185185186,0.37037037037037035
MLH1_1,0.08280254777070063,0.3630573248407643,0.554140127388535
MLH1_2,0.13071895424836602,0.3790849673202614,0.49019607843137253
MLH1_3,0.07947019867549669,0.37748344370860926,0.543046357615894
MMS19_1,0.09615384615384616,0.38461538461538464,0.5192307692307693
MMS19_2,0.1,0.43529411764705883,0.4647058823529412
MMS19_3,0.15151515151515152,0.3515151515151515,0.49696969696969695
MMS22L_1,0.33076923076923076,0.3923076923076923,0.27692307692307694
MMS22L_2,0.2767857142857143,0.4017857142857143,0.32142857142857145
MMS22L_3,0.352,0.32,0.328
MRE11_1,0.08542713567839195,0.4120603015075377,0.5025125628140703
MRE11_3,0.15789473684210525,0.34210526315789475,0.5
MRE11_8,0.08771929824561403,0.42105263157894735,0.49122807017543857
MSH2_1,0.1124031007751938,0.45348837209302323,0.43410852713178294
MSH2_2,0.1111111111111111,0.4222222222222222,0.4666666666666667
MSH2_3,0.10869565217391304,0.43478260869565216,0.45652173913043476
MSH5_1,0.09195402298850575,0.4482758620689655,0.45977011494252873
MSH5_2,0.09433962264150944,0.42452830188679247,0.4811320754716981
MSH5_3,0.09848484848484848,0.4090909090909091,0.49242424242424243
MSH6_1,0.09359605911330049,0.4433497536945813,0.4630541871921182
MSH6_2,0.09923664122137404,0.366412213740458,0.5343511450381679
MSH6_5,0.07857142857142857,0.4357142857142857,0.4857142857142857
NBN_1,0.13043478260869565,0.30434782608695654,0.5652173913043478
NBN_2,0.1232876712328767,0.3835616438356164,0.4931506849315068
NBN_4,0.13157894736842105,0.38596491228070173,0.4824561403508772
NHEJ1_1,0.10646387832699619,0.40304182509505704,0.49049429657794674
NHEJ1_2,0.12307692307692308,0.36923076923076925,0.5076923076923077
NHEJ1_3,0.08421052631578947,0.4421052631578947,0.47368421052631576
PALB2_1,0.11764705882352941,0.39869281045751637,0.48366013071895425
PALB2_2,0.11666666666666667,0.325,0.5583333333333333
PALB2_3,0.09859154929577464,0.3873239436619718,0.5140845070422535
PARP1_1,0.10344827586206896,0.39080459770114945,0.5057471264367817
PARP1_2,0.08376963350785341,0.47643979057591623,0.4397905759162304
PARP1_3,0.07975460122699386,0.36809815950920244,0.5521472392638037
PAXIP1_1,0.11764705882352941,0.39705882352941174,0.4852941176470588
PAXIP1_2,0.11170212765957446,0.3670212765957447,0.5212765957446809
PAXIP1_3,0.06015037593984962,0.3308270676691729,0.6090225563909775
PMS2_1,0.1,0.4,0.5
PMS2_2,0.07868852459016394,0.3901639344262295,0.5311475409836065
PMS2_3,0.1348314606741573,0.34269662921348315,0.5224719101123596
POLA1_1,0.2019704433497537,0.33497536945812806,0.4630541871921182
POLA1_3,0.11666666666666667,0.38333333333333336,0.5
POLD1_1,0.2833333333333333,0.2722222222222222,0.4444444444444444
POLD1_2,0.12337662337662338,0.3051948051948052,0.5714285714285714
POLD2_1,0.18181818181818182,0.32575757575757575,0.49242424242424243
POLD2_3,0.18045112781954886,0.2631578947368421,0.556390977443609
POLD3_1,0.09565217391304348,0.30434782608695654,0.6
POLD3_2,0.25139664804469275,0.24581005586592178,0.5027932960893855
POLE2_1,0.13777777777777778,0.27111111111111114,0.5911111111111111
POLE2_2,0.11764705882352941,0.3352941176470588,0.5470588235294118
POLE2_3,0.08695652173913043,0.3804347826086957,0.532608695652174
POLE_1,0.21232876712328766,0.3424657534246575,0.4452054794520548
POLE_2,0.12727272727272726,0.38636363636363635,0.4863636363636364
POLE_3,0.14814814814814814,0.3333333333333333,0.5185185185185185
POLL_1,0.16304347826086957,0.33695652173913043,0.5
POLL_2,0.08148148148148149,0.3925925925925926,0.5259259259259259
POLL_3,0.11818181818181818,0.4,0.4818181818181818
POLL_10,0.11811023622047244,0.38188976377952755,0.5
POLM_1_1,0.09740259740259741,0.34415584415584416,0.5584415584415584
POLM_1_2,0.05813953488372093,0.47674418604651164,0.46511627906976744
POLM_1_3,0.10112359550561797,0.37640449438202245,0.5224719101123596
POLN_1,0.09644670050761421,0.4619289340101523,0.4416243654822335
POLN_2,0.11926605504587157,0.45871559633027525,0.42201834862385323
POLN_3,0.07092198581560284,0.48936170212765956,0.4397163120567376
POLQ_1,0.1065989847715736,0.39086294416243655,0.5025380710659898
POLQ_2,0.0962962962962963,0.3925925925925926,0.5111111111111111
POLQ_3,0.1,0.38461538461538464,0.5153846153846153
PRKDC_1,0.0784313725490196,0.46568627450980393,0.45588235294117646
PRKDC_2,0.10606060606060606,0.398989898989899,0.494949494949495
PRKDC_3,0.0875,0.425,0.4875
PRPF19_3,0.1935483870967742,0.43010752688172044,0.3763440860215054
PRPF19_4,0.22972972972972974,0.3918918918918919,0.3783783783783784
PRPF19_6,0.2903225806451613,0.25806451612903225,0.45161290322580644
RAD1_1,0.11504424778761062,0.45132743362831856,0.4336283185840708
RAD1_2,0.12121212121212122,0.4090909090909091,0.4696969696969697
RAD1_3,0.09821428571428571,0.41964285714285715,0.48214285714285715
RAD9A_1,0.08421052631578947,0.4,0.5157894736842106
RAD9A_2,0.13513513513513514,0.38738738738738737,0.4774774774774775
RAD9A_3,0.1640625,0.515625,0.3203125
RAD17_1,0.1822429906542056,0.42990654205607476,0.3878504672897196
RAD17_2,0.11842105263157894,0.4144736842105263,0.46710526315789475
RAD17_3,0.19230769230769232,0.3717948717948718,0.4358974358974359
RAD50_1,0.08284023668639054,0.42011834319526625,0.4970414201183432
RAD50_2,0.06542056074766354,0.35514018691588783,0.5794392523364486
RAD50_3,0.0761904761904762,0.37142857142857144,0.5523809523809524
RAD50_9,0.16666666666666666,0.30952380952380953,0.5238095238095238
RAD51C_1,0.1437125748502994,0.38323353293413176,0.47305389221556887
RAD51C_3,0.06569343065693431,0.3795620437956204,0.5547445255474452
RAD51_1,0.29770992366412213,0.44274809160305345,0.2595419847328244
RAD51_2,0.29577464788732394,0.43661971830985913,0.2676056338028169
RAD51_3,0.1945945945945946,0.372972972972973,0.43243243243243246
RAD52_1_1,0.09774436090225563,0.37593984962406013,0.5263157894736842
RAD52_1_2,0.06486486486486487,0.3027027027027027,0.6324324324324324
RAD52_1_3,0.10091743119266056,0.3669724770642202,0.5321100917431193
RBBP6_1,0.1,0.44,0.46
RBBP6_7,0.07692307692307693,0.4065934065934066,0.5164835164835165
RBBP6_8,0.030303030303030304,0.4090909090909091,0.5606060606060606
RBBP8_1,0.09774436090225563,0.39849624060150374,0.5037593984962406
RBBP8_2,0.11904761904761904,0.38095238095238093,0.5
RBBP8_3,0.16853932584269662,0.33146067415730335,0.5
RBBP8_8,0.14444444444444443,0.4222222222222222,0.43333333333333335
RFC1_1,0.11462450592885376,0.35968379446640314,0.525691699604743
RFC1_2,0.08074534161490683,0.2919254658385093,0.6273291925465838
RFC2_1,0.268361581920904,0.3163841807909605,0.4152542372881356
RFC2_3,0.17073170731707318,0.35772357723577236,0.4715447154471545
RFC3_2,0.28865979381443296,0.27835051546391754,0.4329896907216495
RFC3_3,0.3092369477911647,0.30120481927710846,0.3895582329317269
RFC4_2,0.30120481927710846,0.24899598393574296,0.4497991967871486
RFC4_3,0.13157894736842105,0.3383458646616541,0.5300751879699248
RFC5_2,0.13354037267080746,0.3695652173913043,0.4968944099378882
RFC5_3,0.17318435754189945,0.39664804469273746,0.4301675977653631
RFWD3_1,0.1111111111111111,0.32098765432098764,0.5679012345679012
RFWD3_2,0.09022556390977443,0.43609022556390975,0.47368421052631576
RFWD3_3,0.12056737588652482,0.3971631205673759,0.48226950354609927
RIF1_1,0.13636363636363635,0.29545454545454547,0.5681818181818182
RIF1_2,0.09821428571428571,0.3125,0.5892857142857143
RIF1_3,0.14049586776859505,0.2231404958677686,0.6363636363636364
RNF8_1,0.09933774834437085,0.423841059602649,0.4768211920529801
RNF8_2,0.07482993197278912,0.4489795918367347,0.47619047619047616
RNF8_3,0.12631578947368421,0.42105263157894735,0.45263157894736844
RPA3_1,0.14746543778801843,0.3087557603686636,0.543778801843318
RPA3_2,0.13986013986013987,0.3706293706293706,0.48951048951048953
RUVBL2_2,0.26865671641791045,0.3582089552238806,0.373134328358209
RUVBL2_3,0.175,0.3875,0.4375
SEM1_4,0.25,0.4166666666666667,0.3333333333333333
SEM1_8,0.3333333333333333,0.3333333333333333,0.3333333333333333
SEM1_10,0.27586206896551724,0.3448275862068966,0.3793103448275862
SLX4_1,0.1504424778761062,0.35398230088495575,0.49557522123893805
SLX4_2,0.21804511278195488,0.2932330827067669,0.48872180451127817
SLX4_3,0.125,0.4296875,0.4453125
SMARCAL1_1,0.09558823529411764,0.3897058823529412,0.5147058823529411
SMARCAL1_2,0.08737864077669903,0.38349514563106796,0.529126213592233
SMARCAL1_3,0.1,0.45454545454545453,0.44545454545454544
SRSF1_2,0.0967741935483871,0.3010752688172043,0.6021505376344086
SRSF1_4,0.05263157894736842,0.47368421052631576,0.47368421052631576
SRSF1_5,0.10625,0.39375,0.5
SSBP1_1,0.08333333333333333,0.4583333333333333,0.4583333333333333
SSBP1_2,0.13385826771653545,0.44881889763779526,0.41732283464566927
SSBP1_3,0.09859154929577464,0.3380281690140845,0.5633802816901409
TELO2_1,0.19607843137254902,0.38235294117647056,0.4215686274509804
TELO2_2,0.14444444444444443,0.38333333333333336,0.4722222222222222
TELO2_3,0.11818181818181818,0.38181818181818183,0.5
TERF1_1,0.08411214953271028,0.3925233644859813,0.5233644859813084
TERF1_2,0.09923664122137404,0.366412213740458,0.5343511450381679
TERF1_3,0.06349206349206349,0.4523809523809524,0.48412698412698413
TIMELESS_1,0.1450381679389313,0.42748091603053434,0.42748091603053434
TIMELESS_2,0.16055045871559634,0.3623853211009174,0.47706422018348627
TIMELESS_3,0.21100917431192662,0.3394495412844037,0.44954128440366975
TIPIN_1,0.23893805309734514,0.3008849557522124,0.46017699115044247
TIPIN_2,0.102803738317757,0.45794392523364486,0.4392523364485981
TIPIN_3,0.3235294117647059,0.36764705882352944,0.3088235294117647
TONSL_1,0.20869565217391303,0.391304347826087,0.4
TONSL_2,0.0962962962962963,0.4074074074074074,0.4962962962962963
TONSL_3,0.33986928104575165,0.37254901960784315,0.2875816993464052
TOP3A_1,0.10483870967741936,0.3870967741935484,0.5080645161290323
TOP3A_2,0.10869565217391304,0.3695652173913043,0.5217391304347826
TOP3A_3,0.05,0.4125,0.5375
TOPBP1_1,0.22033898305084745,0.4661016949152542,0.3135593220338983
TOPBP1_2,0.11666666666666667,0.3277777777777778,0.5555555555555556
TOPBP1_3,0.23404255319148937,0.39361702127659576,0.3723404255319149
TP53BP1_1_1,0.11594202898550725,0.34057971014492755,0.5434782608695652
TP53BP1_1_2,0.12962962962962962,0.4074074074074074,0.46296296296296297
TP53BP1_1_3,0.10052910052910052,0.3862433862433862,0.5132275132275133
TREX2_1,0.2236024844720497,0.4161490683229814,0.36024844720496896
TREX2_2,0.12727272727272726,0.46060606060606063,0.4121212121212121
TREX2_3,0.13043478260869565,0.453416149068323,0.4161490683229814
TRRAP_1,0.2169811320754717,0.330188679245283,0.4528301886792453
TRRAP_2,0.14583333333333334,0.34375,0.5104166666666666
TRRAP_3,0.19130434782608696,0.3391304347826087,0.46956521739130436
UBE2T_1,0.1574074074074074,0.37962962962962965,0.46296296296296297
UBE2T_2,0.17391304347826086,0.33695652173913043,0.4891304347826087
UBE2T_3,0.17777777777777778,0.3925925925925926,0.42962962962962964
USP1_1,0.08411214953271028,0.3644859813084112,0.5514018691588785
USP1_2,0.1388888888888889,0.3472222222222222,0.5138888888888888
USP1_3,0.10294117647058823,0.375,0.5220588235294118
VPS72_1,0.12915129151291513,0.36900369003690037,0.5018450184501845
VPS72_2,0.12648221343873517,0.4150197628458498,0.45849802371541504
WAPL_1,0.07741935483870968,0.4645161290322581,0.45806451612903226
WAPL_2,0.09027777777777778,0.4166666666666667,0.4930555555555556
WAPL_3,0.12442396313364056,0.42857142857142855,0.4470046082949309
WRN_1,0.1411764705882353,0.37058823529411766,0.48823529411764705
WRN_2,0.07692307692307693,0.4700854700854701,0.452991452991453
WRN_3,0.06956521739130435,0.4260869565217391,0.5043478260869565
WRN_4,0.10714285714285714,0.37755102040816324,0.5153061224489796
XRCC5_1,0.16939890710382513,0.32786885245901637,0.5027322404371585
XRCC5_2,0.22033898305084745,0.3559322033898305,0.423728813559322
XRCC5_3,0.25766871165644173,0.24539877300613497,0.49693251533742333
XRCC6_1,0.22666666666666666,0.3111111111111111,0.4622222222222222
XRCC6_2,0.24675324675324675,0.2857142857142857,0.4675324675324675
XRCC6_3,0.12878787878787878,0.45454545454545453,0.4166666666666667
ZBTB38_1_1,0.07547169811320754,0.3490566037735849,0.5754716981132075
ZBTB38_1_2,0.08053691275167785,0.4429530201342282,0.47651006711409394
ZBTB38_1_3,0.08035714285714286,0.41964285714285715,0.5
non-targeting_00026,0.12698412698412698,0.3888888888888889,0.48412698412698413
non-targeting_00155,0.08130081300813008,0.4065040650406504,0.5121951219512195
non-targeting_00249,0.057692307692307696,0.34615384615384615,0.5961538461538461
non-targeting_00398,0.08653846153846154,0.38461538461538464,0.5288461538461539
non-targeting_00566,0.09090909090909091,0.4675324675324675,0.44155844155844154
non-targeting_00678,0.09230769230769231,0.4307692307692308,0.47692307692307695
non-targeting_00745,0.10638297872340426,0.425531914893617,0.46808510638297873
non-targeting_00889,0.10869565217391304,0.391304347826087,0.5
non-targeting_00948,0.09022556390977443,0.42857142857142855,0.48120300751879697
non-targeting_01042,0.1095890410958904,0.4383561643835616,0.4520547945205479
non-targeting_01091,0.11888111888111888,0.3986013986013986,0.4825174825174825
non-targeting_01332,0.10126582278481013,0.34177215189873417,0.5569620253164557
non-targeting_01528,0.08461538461538462,0.35384615384615387,0.5615384615384615
non-targeting_01631,0.1271186440677966,0.3474576271186441,0.5254237288135594
non-targeting_02031,0.12389380530973451,0.34513274336283184,0.5309734513274337
non-targeting_02085,0.0898876404494382,0.4157303370786517,0.4943820224719101
non-targeting_02293,0.04672897196261682,0.4766355140186916,0.4766355140186916
non-targeting_02305,0.11428571428571428,0.42142857142857143,0.4642857142857143
non-targeting_02613,0.09523809523809523,0.38095238095238093,0.5238095238095238
non-targeting_02642,0.11,0.39,0.5
non-targeting_02822,0.13592233009708737,0.34951456310679613,0.5145631067961165
non-targeting_02942,0.12264150943396226,0.42452830188679247,0.4528301886792453
non-targeting_03026,0.03508771929824561,0.32456140350877194,0.6403508771929824
non-targeting_03059,0.06542056074766354,0.4485981308411215,0.48598130841121495
non-targeting_03086,0.10569105691056911,0.3333333333333333,0.5609756097560976
non-targeting_03220,0.10303030303030303,0.3575757575757576,0.5393939393939394
non-targeting_03264,0.1,0.40714285714285714,0.4928571428571429
non-targeting_03346,0.12,0.37,0.51
non-targeting_03589,0.13043478260869565,0.4492753623188406,0.42028985507246375
non-targeting_03612,0.08461538461538462,0.38461538461538464,0.5307692307692308
all_non_targeting,0.09908944831280128,0.39662560257096946,0.5042849491162292
